controller_ip: 192.168.0.134
controller_port: 6653
controller_name: onos
rest_port: 8181
iface: enp0s3
topology: mesh
num_switches: 10
query_interval: 3
consec_failures: 50
consec_link_failures: 50
start: 5
trials: 3
diff: 5
maxsize: 20
no_links: False
[5, [3.1183667182922363, 3.0110886096954346, 0.36568713188171387], [0.18795347213745117, 0.30910277366638184, 3.0623586177825928], [[13945.0, 39.0, 132582.0, 219.0], [15611.0, 53.0, 122925.0, 236.0], [18084.0, 55.0, 114549.0, 245.0]]]
[10, [2.918057918548584, 2.9733941555023193, 1.918189287185669], [3.088036298751831, 2.8891403675079346, 2.8876821994781494], [[66669.0, 245.0, 399923.0, 878.0], [46812.0, 157.0, 393122.0, 693.0], [64406.0, 203.0, 305054.0, 737.0]]]
[15, [6.109724283218384, 2.5968892574310303, 2.934861183166504], [2.8262178897857666, 3.085160970687866, 9.048482179641724], [[153151.0, 570.0, 832491.0, 1875.0], [154429.0, 599.0, 812217.0, 1941.0], [280952.0, 1027.0, 1269614.0, 3064.0]]]
