controller_ip: 192.168.0.134
controller_port: 6653
controller_name: onos
rest_port: 8181
iface: enp0s3
topology: mesh
num_switches: 10
query_interval: 3
consec_failures: 50
consec_link_failures: 50
start: 5
trials: 3
diff: 5
maxsize: 20
no_links: False
[5, [0.031023025512695312, 0.026982545852661133, 2.9089901447296143], [0.09629249572753906, 0.2108004093170166, 3.1031672954559326], [[7203.0, 19.0, 93332.0, 185.0], [5300.0, 20.0, 73416.0, 205.0], [15191.0, 52.0, 129275.0, 246.0]]]
[10, [3.0679500102996826, 2.712730646133423, 1.6265807151794434], [0.0, 3.1097097396850586, 2.7866578102111816], [[37345.0, 141.0, 253008.0, 576.0], [72852.0, 259.0, 443280.0, 1000.0], [55207.0, 182.0, 267577.0, 671.0]]]
[15, [3.087186336517334, 2.9983630180358887, 2.93717098236084], [2.9088873863220215, 2.502577066421509, 3.095165729522705], [[159495.0, 565.0, 719285.0, 1767.0], [156835.0, 544.0, 669574.0, 1699.0], [139332.0, 504.0, 737289.0, 1710.0]]]
